data = [125 120 155; ...
125 120 155; ...
125 120 155; ...
125 120 155; ...
126 120 154; ...
126 121 154; ...
126 120 155; ...
125 120 154; ...
126 120 155; ...
126 120 155; ...
126 120 154; ...
127 120 154; ...
126 120 155; ...
125 120 154; ...
126 120 153; ...
126 119 155; ...
127 119 156; ...
127 118 156; ...
126 117 154; ...
127 117 153; ...
127 117 153; ...
126 117 152; ...
126 117 154; ...
126 117 153; ...
127 118 154; ...
127 119 156; ...
127 120 156; ...
127 120 155; ...
128 120 154; ...
127 120 154; ...
127 120 155; ...
127 120 155; ...
127 120 154; ...
127 120 154; ...
127 120 154; ...
126 120 155; ...
127 120 154; ...
127 120 155; ...
127 120 154; ...
127 120 155; ...
127 120 154; ...
126 120 155; ...
127 120 154; ...
127 120 154; ...
126 120 154; ...
126 120 155; ...
126 120 155; ...
127 121 155; ...
127 120 154; ...
126 120 155; ...
125 120 154; ...
126 120 154; ...
126 120 154; ...
125 119 154; ...
125 120 154; ...
126 120 153; ...
125 120 154; ...
125 120 155; ...
126 121 154; ...
126 121 154; ...
126 121 154; ...
127 121 153; ...
128 122 153; ...
126 122 154; ...
127 122 155; ...
125 121 155; ...
126 121 155; ...
126 121 155; ...
126 121 154; ...
128 122 154; ...
126 121 156; ...
127 122 155; ...
125 120 154; ...
126 122 154; ...
127 123 153; ...
126 122 155; ...
125 120 154; ...
124 120 155; ...
126 121 155; ...
125 120 155; ...
126 120 154; ...
126 120 154; ...
126 121 154; ...
126 121 155; ...
127 121 155; ...
127 120 155; ...
127 120 154; ...
127 121 154; ...
127 120 154; ...
126 120 155; ...
126 120 154; ...
128 122 155; ...
127 120 154; ...
125 120 155; ...
126 121 154; ...
126 121 155; ...
125 121 155; ...
125 120 155; ...
127 120 154; ...
127 120 155; ...
126 120 154; ...
127 121 154; ...
127 122 155; ...
127 122 155; ...
125 120 154; ...
127 121 154; ...
125 119 154; ...
127 120 154; ...
126 121 154; ...
127 121 154; ...
127 121 155; ...
126 120 155; ...
126 120 154; ...
127 120 154; ...
127 120 153; ...
126 120 154; ...
126 120 155; ...
126 120 155; ...
125 120 155; ...
126 121 154; ...
127 121 154; ...
123 119 155; ...
125 120 155; ...
125 120 153; ...
126 120 155; ...
126 120 154; ...
124 120 154; ...
123 119 155; ...
125 120 154; ...
126 121 154; ...
122 119 155; ...
121 118 155; ...
123 120 155; ...
124 120 154; ...
123 121 155; ...
122 120 154; ...
123 120 154; ...
124 121 154; ...
123 121 154; ...
123 120 155; ...
124 121 155; ...
123 120 155; ...
123 120 155; ...
123 120 155; ...
125 121 155; ...
125 119 155; ...
125 118 155; ...
125 117 155; ...
126 116 154; ...
125 113 153; ...
125 110 151; ...
124 107 151; ...
124 105 150; ...
123 102 148; ...
124 102 146; ...
126 101 144; ...
125 100 143; ...
124 100 142; ...
125 100 140; ...
127 99 141; ...
125 97 141; ...
125 97 140; ...
125 99 139; ...
125 99 139; ...
127 99 142; ...
126 100 143; ...
127 101 143; ...
127 101 143; ...
127 101 143; ...
126 101 145; ...
129 102 145; ...
129 102 146; ...
129 104 147; ...
127 104 148; ...
127 106 149; ...
127 108 150; ...
128 109 152; ...
128 110 153; ...
127 111 154; ...
127 112 155; ...
127 114 153; ...
127 115 154; ...
127 116 155; ...
126 117 154; ...
126 117 153; ...
126 118 154; ...
127 119 155; ...
128 120 155; ...
126 120 155];


