% z rotation
data7 = [127 121 154; ...
126 120 155; ...
127 120 155; ...
126 120 154; ...
126 120 154; ...
126 120 154; ...
126 121 155; ...
127 120 154; ...
126 120 155; ...
127 120 155; ...
126 120 154; ...
126 120 155; ...
126 120 154; ...
125 121 154; ...
127 120 154; ...
126 120 155; ...
126 120 155; ...
126 120 154; ...
126 120 155; ...
125 120 155; ...
126 121 155; ...
125 119 153; ...
126 120 155; ...
126 120 154; ...
125 120 154; ...
125 120 154; ...
126 120 154; ...
125 121 156; ...
125 121 155; ...
127 121 155; ...
126 120 155; ...
127 120 156; ...
127 120 155; ...
127 120 153; ...
126 120 154; ...
128 121 153; ...
127 121 155; ...
127 121 154; ...
125 120 155; ...
124 119 153; ...
126 121 154; ...
128 123 153; ...
126 122 154; ...
125 120 154; ...
124 120 155; ...
125 121 155; ...
126 122 154; ...
127 122 154; ...
126 122 154; ...
126 121 154; ...
125 121 155; ...
125 120 155; ...
125 121 155; ...
126 121 155; ...
129 122 155; ...
126 120 154; ...
127 120 154; ...
127 119 154; ...
125 118 155; ...
126 120 154; ...
128 121 152; ...
130 122 153; ...
133 124 154; ...
128 121 155; ...
126 120 155; ...
127 121 154; ...
126 119 155; ...
128 121 155; ...
127 121 155; ...
128 122 154; ...
129 121 154; ...
129 121 155; ...
130 122 154; ...
128 122 155; ...
128 122 155; ...
132 122 155; ...
133 122 153; ...
131 125 153; ...
118 120 154; ...
120 119 156; ...
121 118 155; ...
120 118 155; ...
122 120 155; ...
121 120 152; ...
123 122 154; ...
126 122 156; ...
126 121 156; ...
125 122 155; ...
124 121 155; ...
123 120 154; ...
122 120 155; ...
125 121 155; ...
129 123 154; ...
128 122 154; ...
125 121 157; ...
125 121 155; ...
129 122 154; ...
126 120 155; ...
130 122 154; ...
130 121 154; ...
130 122 154; ...
130 122 154; ...
130 122 154; ...
130 123 155; ...
120 119 156; ...
120 119 156; ...
120 120 155; ...
126 123 155; ...
125 121 156; ...
120 117 157; ...
122 119 157; ...
124 122 155; ...
125 122 154; ...
122 119 155; ...
120 118 153; ...
123 121 154; ...
125 122 155; ...
128 122 155; ...
126 121 155; ...
129 122 155; ...
128 122 155; ...
125 120 154; ...
126 121 153; ...
126 121 155; ...
125 120 155; ...
122 119 155; ...
128 121 154; ...
129 122 153; ...
116 118 156; ...
113 115 155; ...
117 117 158; ...
126 123 155; ...
125 122 155; ...
125 120 155; ...
123 119 155; ...
123 121 154; ...
126 124 153; ...
127 124 153; ...
126 122 155; ...
127 122 154; ...
126 122 155; ...
126 122 153; ...
127 122 154; ...
128 122 155; ...
129 123 154; ...
128 122 153; ...
128 123 155; ...
128 122 154; ...
127 122 155; ...
128 122 155; ...
125 122 154; ...
123 121 154; ...
127 121 156; ...
130 121 154; ...
129 121 153; ...
129 123 154; ...
123 121 155; ...
120 117 156; ...
121 118 154; ...
122 119 156; ...
122 120 156; ...
123 120 154; ...
127 123 153; ...
126 120 153; ...
122 118 154; ...
122 118 156; ...
128 124 153; ...
127 122 155; ...
122 120 156; ...
125 121 154; ...
129 122 152; ...
128 122 154; ...
128 122 154; ...
127 121 155; ...
127 121 155; ...
127 121 155; ...
128 121 154; ...
128 121 155; ...
126 121 155; ...
125 120 154; ...
130 121 154; ...
129 120 154; ...
132 123 154; ...
128 122 155; ...
122 117 155; ...
122 117 155; ...
122 118 154; ...
126 122 154; ...
127 122 155; ...
127 122 154; ...
124 119 156]; 
