% x rotation
data5 = [...
125 96 128; ...
125 96 129; ...
125 96 128; ...
125 96 129; ...
125 96 129; ...
125 96 128; ...
125 96 129; ...
125 96 129; ...
125 96 129; ...
125 96 130; ...
125 96 130; ...
125 96 129; ...
125 96 130; ...
125 96 130; ...
125 96 129; ...
125 96 130; ...
125 96 130; ...
125 96 130; ...
125 96 131; ...
125 96 131; ...
124 96 131; ...
125 97 133; ...
125 96 134; ...
125 96 134; ...
125 97 135; ...
125 97 134; ...
125 97 135; ...
125 97 135; ...
125 97 134; ...
124 97 135; ...
125 97 135; ...
125 97 135; ...
125 97 135; ...
125 97 135; ...
125 97 135; ...
125 97 135; ...
125 97 135; ...
125 97 136; ...
125 97 136; ...
125 97 136; ...
125 98 137; ...
125 98 137; ...
125 98 139; ...
125 98 139; ...
124 98 139; ...
124 98 139; ...
125 98 140; ...
125 99 140; ...
125 99 141; ...
124 99 142; ...
124 99 142; ...
124 100 142; ...
125 100 143; ...
125 101 143; ...
125 101 144; ...
123 101 145; ...
124 102 145; ...
125 102 147; ...
125 103 147; ...
126 103 148; ...
125 104 149; ...
125 105 149; ...
125 106 149; ...
125 106 150; ...
125 107 150; ...
125 108 151; ...
125 109 151; ...
126 109 152; ...
126 110 151; ...
125 112 152; ...
124 113 153; ...
123 114 154; ...
122 115 154; ...
123 116 154; ...
123 117 153; ...
124 118 155; ...
123 119 155; ...
124 120 155; ...
124 121 155; ...
125 122 155; ...
124 122 155; ...
124 122 155; ...
124 123 154; ...
125 123 154; ...
125 123 155; ...
125 123 154; ...
125 123 154; ...
125 123 154; ...
125 123 154; ...
125 123 154; ...
125 123 154; ...
125 123 155; ...
125 123 155; ...
124 123 155; ...
125 123 154; ...
124 123 154; ...
124 123 154; ...
125 123 155; ...
125 122 155; ...
125 122 154; ...
125 122 155; ...
124 122 154; ...
125 122 155; ...
125 122 155; ...
125 122 155; ...
124 122 155; ...
125 121 154; ...
125 121 154; ...
124 121 155; ...
124 120 155; ...
125 118 155; ...
125 118 154; ...
124 117 154; ...
124 117 155; ...
125 117 155; ...
125 116 154; ...
125 115 153; ...
125 114 153; ...
125 113 153; ...
125 112 152; ...
124 112 152; ...
124 111 153; ...
124 110 152; ...
125 109 151; ...
124 109 151; ...
125 107 149; ...
125 106 149; ...
124 105 149; ...
124 104 149; ...
124 103 148; ...
124 102 146; ...
125 101 145; ...
124 101 145; ...
123 100 143; ...
124 99 142; ...
123 99 141; ...
123 98 141; ...
124 97 139; ...
124 97 137; ...
124 97 135; ...
123 97 134; ...
125 97 132; ...
123 97 131; ...
124 96 130; ...
125 97 127; ...
125 97 127; ...
124 96 128; ...
124 97 127; ...
124 96 129; ...
124 97 127; ...
124 96 128; ...
125 97 129; ...
125 96 129; ...
124 96 128; ...
125 96 127; ...
125 96 128; ...
126 96 128; ...
125 96 128; ...
125 97 130; ...
124 96 132; ...
123 97 137; ...
124 97 137; ...
122 98 136; ...
122 99 137; ...
123 101 143; ...
124 101 145; ...
122 102 146; ...
121 104 148; ...
122 106 148; ...
122 109 150; ...
126 110 150; ...
125 113 155; ...
125 116 156; ...
124 117 155; ...
126 118 155; ...
126 120 154; ...
125 120 154; ...
125 122 156; ...
125 122 156; ...
124 122 155; ...
124 122 154; ...
124 122 154; ...
123 122 154; ...
124 122 154; ...
124 122 155; ...
124 122 155; ...
123 122 154; ...
124 121 155; ...
124 121 154; ...
124 120 156; ...
125 119 155; ...
124 118 155; ...
124 117 155; ...
123 116 153; ...
123 113 154; ...
124 111 152; ...
124 109 151; ...
123 107 149; ...
124 104 147; ...
123 102 143; ...
123 101 143; ...
124 100 143; ...
123 99 138; ...
123 98 136; ...
124 96 135; ...
124 97 135; ...
123 97 135; ...
126 97 131; ...
129 97 131; ...
124 96 131; ...
124 96 131; ...
125 97 131; ...
125 97 131; ...
126 96 130; ...
125 96 132; ...
125 97 132; ...
125 96 133; ...
126 96 132; ...
125 96 133; ...
125 96 133; ...
125 96 134; ...
125 96 133; ...
125 96 132; ...
125 96 133; ...
125 96 134; ...
125 97 135; ...
125 97 134; ...
124 96 135; ...
125 97 135; ...
124 97 135; ...
125 97 135; ...
125 97 135; ...
125 97 135; ...
124 97 135; ...
124 98 136; ...
124 97 137; ...
125 97 137; ...
125 97 138; ...
124 98 137; ...
125 98 138; ...
126 98 137; ...
124 98 138; ...
124 98 140; ...
123 98 140; ...
123 98 140; ...
123 99 140; ...
125 99 140; ...
124 99 141; ...
124 99 141; ...
125 100 143; ...
124 100 143; ...
125 101 143; ...
124 101 143; ...
123 101 143; ...
125 101 144; ...
125 101 146; ...
126 102 145; ...
125 103 147; ...
125 103 147; ...
125 104 148; ...
125 105 148; ...
126 105 148; ...
124 107 150; ...
123 108 150; ...
125 109 151; ...
126 109 151; ...
126 110 150; ...
125 111 152; ...
123 113 153; ...
124 113 153; ...
126 114 152; ...
126 115 155; ...
125 116 155; ...
125 117 154; ...
125 117 154; ...
125 117 154; ...
125 117 154; ...
125 117 154; ...
125 117 156; ...
124 117 155; ...
124 117 154; ...
125 115 154; ...
125 115 154; ...
124 114 154; ...
125 114 155; ...
124 113 154; ...
124 112 152; ...
125 111 151; ...
124 109 152; ...
125 109 151; ...
125 108 151; ...
125 107 150; ...
124 106 150; ...
124 105 148; ...
124 103 148; ...
125 102 146; ...
124 101 144; ...
124 101 144; ...
124 100 142; ...
124 99 140; ...
123 99 139; ...
124 98 136; ...
124 97 136; ...
122 97 135; ...
123 97 134; ...
123 97 133; ...
124 96 132; ...
123 97 130; ...
124 96 131; ...
126 97 128; ...
126 97 127; ...
126 96 127; ...
125 97 128];
