% y rotation
data6 = [
126 120 154; ...
126 120 155; ...
126 121 155; ...
126 120 155; ...
125 120 154; ...
125 121 155; ...
124 120 154; ...
122 120 154; ...
124 122 156; ...
122 121 155; ...
121 120 154; ...
119 120 153; ...
117 118 153; ...
115 119 152; ...
114 119 152; ...
114 119 151; ...
111 119 150; ...
109 120 150; ...
107 120 148; ...
106 119 145; ...
104 119 143; ...
104 120 142; ...
102 120 139; ...
102 118 137; ...
101 118 136; ...
99 119 134; ...
100 118 130; ...
100 117 130; ...
100 119 129; ...
100 120 129; ...
100 120 128; ...
101 120 127; ...
101 120 126; ...
101 119 123; ...
102 119 122; ...
103 120 119; ...
104 123 120; ...
105 121 118; ...
105 120 115; ...
106 121 112; ...
108 121 111; ...
110 120 109; ...
113 121 110; ...
114 122 109; ...
116 122 108; ...
117 121 107; ...
119 121 106; ...
121 121 107; ...
122 121 106; ...
123 122 106; ...
126 122 107; ...
127 122 107; ...
128 123 107; ...
129 123 107; ...
130 122 107; ...
131 122 107; ...
133 122 107; ...
133 123 107; ...
136 124 109; ...
137 123 110; ...
138 122 110; ...
138 123 110; ...
139 124 111; ...
140 124 112; ...
141 124 113; ...
142 122 113; ...
143 124 113; ...
144 124 116; ...
145 124 117; ...
145 123 118; ...
146 124 119; ...
146 124 119; ...
146 125 119; ...
147 124 120; ...
148 124 123; ...
148 125 124; ...
149 125 127; ...
148 125 127; ...
149 125 127; ...
150 125 127; ...
149 124 129; ...
149 124 130; ...
149 123 133; ...
148 122 134; ...
149 125 134; ...
149 123 137; ...
148 124 136; ...
148 123 137; ...
148 122 139; ...
148 123 140; ...
147 121 139; ...
146 121 140; ...
145 122 142; ...
145 121 141; ...
145 121 143; ...
145 121 145; ...
144 122 146; ...
145 122 146; ...
144 122 146; ...
144 122 146; ...
144 123 145; ...
144 123 146; ...
143 124 146; ...
143 123 147; ...
143 122 147; ...
142 123 147; ...
141 122 147; ...
141 122 149; ...
140 122 149; ...
139 122 150; ...
138 121 150; ...
138 121 152; ...
135 121 152; ...
132 121 152; ...
130 121 150; ...
129 121 152; ...
130 120 158; ...
127 120 154; ...
125 119 151; ...
122 118 153; ...
122 119 155; ...
120 119 155; ...
117 119 155; ...
115 118 152; ...
113 118 150; ...
108 118 149; ...
106 118 147; ...
105 118 144; ...
103 118 140; ...
102 118 137; ...
101 118 135; ...
100 119 129; ...
102 118 124; ...
104 118 122; ...
106 119 119; ...
106 120 115; ...
107 119 112; ...
111 119 112; ...
110 120 111; ...
115 118 107; ...
116 120 107; ...
121 120 106; ...
123 119 107; ...
123 122 107; ...
127 121 109; ...
130 122 108; ...
132 122 106; ...
135 119 106; ...
137 120 111; ...
143 120 113; ...
145 120 114; ...
146 121 115; ...
145 119 119; ...
146 120 118; ...
142 121 112; ...
142 120 113; ...
143 121 112; ...
142 120 114; ...
145 121 114; ...
145 120 117; ...
145 120 120; ...
145 120 125; ...
149 120 129; ...
148 121 135; ...
150 121 138; ...
149 122 142; ...
145 121 147; ...
140 119 147; ...
137 120 150; ...
135 122 152; ...
131 122 153; ...
130 121 153; ...
127 122 155; ...
127 122 155; ...
123 121 155; ...
125 121 155; ...
125 122 155; ...
122 121 153]; 
