% few tests

data8 = [...
125 120 154; ...
125 120 154; ...
124 120 155; ...
125 120 155; ...
124 120 155; ...
125 121 155; ...
124 120 154; ...
124 120 154; ...
124 120 154; ...
124 120 155; ...
124 120 154; ...
124 120 155; ...
124 120 155; ...
124 120 155; ...
123 120 155; ...
124 120 155; ...
124 120 155; ...
124 120 155; ...
123 120 155; ...
124 120 154; ...
124 121 155; ...
124 122 156; ...
125 122 155; ...
124 122 155; ...
125 122 155; ...
125 122 155; ...
125 122 154; ...
125 122 154; ...
123 121 155; ...
123 121 155; ...
123 121 154; ...
122 120 154; ...
122 120 154; ...
122 120 154; ...
121 120 153; ...
121 121 154; ...
121 120 154; ...
121 121 154; ...
122 121 154; ...
122 121 155; ...
124 121 155; ...
125 121 155; ...
125 121 155; ...
124 119 155; ...
124 119 153; ...
123 119 155; ...
121 118 154; ...
122 120 154; ...
122 120 154; ...
122 120 155; ...
123 121 154; ...
124 121 155; ...
124 121 155; ...
125 121 154; ...
125 121 154; ...
125 121 155; ...
125 121 154; ...
126 121 155; ...
125 121 155; ...
126 121 155; ...
126 121 155; ...
126 121 154; ...
126 121 155; ...
126 121 155; ...
126 121 155; ...
127 121 154; ...
127 121 154; ...
127 121 155; ...
127 121 155; ...
127 122 154; ...
127 121 155; ...
127 121 154; ...
126 121 155; ...
126 122 155; ...
125 121 154; ...
125 121 155; ...
125 122 156; ...
123 121 155; ...
123 120 154; ...
122 120 154; ...
122 120 154; ...
122 120 155; ...
122 120 155; ...
122 120 154; ...
122 120 154; ...
122 120 154; ...
122 120 155; ...
122 120 154; ...
122 120 154; ...
122 121 154; ...
122 121 154; ...
122 121 155; ...
124 122 154; ...
125 121 155; ...
125 121 155; ...
126 121 155; ...
126 121 155; ...
126 121 154; ...
127 120 154; ...
127 120 154; ...
127 120 154; ...
127 120 154; ...
127 120 154; ...
125 120 155; ...
126 120 154; ...
124 119 155; ...
125 120 155; ...
125 119 154; ...
125 120 154; ...
125 120 155; ...
124 120 155; ...
123 120 154; ...
122 119 155; ...
122 119 155; ...
122 119 154; ...
122 119 154; ...
121 119 154; ...
121 120 155; ...
122 120 154; ...
123 121 155; ...
122 121 155; ...
123 121 155; ...
124 122 155; ...
125 121 155; ...
125 121 155; ...
126 121 155; ...
125 121 155; ...
125 121 153; ...
127 121 154; ...
126 121 155; ...
126 120 154; ...
125 120 154; ...
125 121 155; ...
125 121 155; ...
125 120 155; ...
124 120 156; ...
126 120 155; ...
125 120 154; ...
127 120 153; ...
126 120 156; ...
125 120 157; ...
125 118 156; ...
123 117 154; ...
123 121 150; ...
121 119 151; ...
117 117 153; ...
114 116 151; ...
112 118 150; ...
109 118 148; ...
106 118 145; ...
106 118 143; ...
103 118 140; ...
102 119 136; ...
100 118 135; ...
100 118 135; ...
101 118 133; ...
100 119 131; ...
100 118 128; ...
100 118 127; ...
100 118 127; ...
100 118 127; ...
100 119 127; ...
100 119 129; ...
100 119 129; ...
100 119 128; ...
100 118 128; ...
100 118 129; ...
100 119 128; ...
100 119 128; ...
100 119 128; ...
100 119 127; ...
101 119 127; ...
101 119 128; ...
101 119 126; ...
102 118 125; ...
100 118 123; ...
100 119 125; ...
102 119 124; ...
100 119 127; ...
101 119 127; ...
100 119 126; ...
100 120 127; ...
100 120 127; ...
100 121 128; ...
100 120 129; ...
100 120 129; ...
100 120 129; ...
100 120 130; ...
101 121 129; ...
101 120 127; ...
100 120 128; ...
101 120 127; ...
100 120 127; ...
100 120 127; ...
100 120 127; ...
100 120 127; ...
100 120 127; ...
101 120 127; ...
101 120 124; ...
101 120 126; ...
101 121 125; ...
100 120 127; ...
100 120 127; ...
101 120 127; ...
100 120 129; ...
100 120 131; ...
100 120 132; ...
100 120 132; ...
101 120 130; ...
100 120 130; ...
101 121 128; ...
101 120 128; ...
100 120 127; ...
100 120 127; ...
101 120 127; ...
100 120 127; ...
101 120 127; ...
100 120 127; ...
100 120 130; ...
100 120 128; ...
100 120 127; ...
100 120 127; ...
100 120 128; ...
100 120 129; ...
100 120 132; ...
100 121 133; ...
100 121 132; ...
100 121 131; ...
100 121 130; ...
100 120 129; ...
100 121 126; ...
100 120 127; ...
102 121 124; ...
102 120 122; ...
103 120 122; ...
104 120 119; ...
102 120 121; ...
103 120 120; ...
103 120 120; ...
102 120 123; ...
99 121 128; ...
102 122 125; ...
101 122 126; ...
100 122 127; ...
100 121 127; ...
101 121 125; ...
101 121 124; ...
101 121 123; ...
102 122 122; ...
104 122 120; ...
103 121 119; ...
104 121 119; ...
103 122 119; ...
105 121 119; ...
103 121 119; ...
103 121 120; ...
102 121 120; ...
104 121 118; ...
105 122 119; ...
103 121 120; ...
104 121 119; ...
103 121 119; ...
103 120 119; ...
102 119 119; ...
104 120 118; ...
104 121 118; ...
104 121 119; ...
101 120 119; ...
104 121 119; ...
101 120 124; ...
102 121 122; ...
102 121 122; ...
101 121 125; ...
101 121 125; ...
101 121 125; ...
102 121 125; ...
101 121 127; ...
100 121 129; ...
102 121 132; ...
101 121 134; ...
101 121 136; ...
102 121 136; ...
102 121 139; ...
102 121 138; ...
102 121 137; ...
101 121 136; ...
100 121 135; ...
102 122 128; ...
102 122 126; ...
102 122 122; ...
103 122 119; ...
102 121 120; ...
101 121 123; ...
98 120 129; ...
100 121 134; ...
98 120 135; ...
101 121 138; ...
103 121 142; ...
103 120 143; ...
109 120 147; ...
115 119 147; ...
118 118 155; ...
122 118 156; ...
126 117 155; ...
130 117 153; ...
136 120 153; ...
138 117 151; ...
141 119 150; ...
138 118 145; ...
143 117 143; ...
147 117 142; ...
149 119 136; ...
150 118 132; ...
150 117 133; ...
148 117 128; ...
146 118 127; ...
151 120 125; ...
148 119 124; ...
148 120 121; ...
148 119 120; ...
147 119 121; ...
147 118 122; ...
147 119 123; ...
147 119 124; ...
147 119 124; ...
148 119 124; ...
149 119 125; ...
149 118 126; ...
148 119 130; ...
150 120 131; ...
148 119 132; ...
149 120 135; ...
149 120 134; ...
149 118 131; ...
149 120 129; ...
149 119 127; ...
147 118 126; ...
147 118 123; ...
147 119 121; ...
147 119 121; ...
148 119 123; ...
148 119 122; ...
148 119 123; ...
148 118 124; ...
148 119 125; ...
148 117 126; ...
150 118 128; ...
149 118 129; ...
150 118 130; ...
149 118 132; ...
149 119 131; ...
149 119 130; ...
150 119 130; ...
150 119 129; ...
149 119 128; ...
149 118 127; ...
150 119 124; ...
149 119 124; ...
148 118 122; ...
147 119 122; ...
147 118 120; ...
148 118 122; ...
148 119 122; ...
148 118 124; ...
149 119 124; ...
149 118 124; ...
149 118 125; ...
149 120 127; ...
149 118 127; ...
149 119 128; ...
149 119 128; ...
149 119 129; ...
149 119 130; ...
149 119 130; ...
150 120 130; ...
150 119 130; ...
149 119 128; ...
150 120 127; ...
149 119 127; ...
148 118 125; ...
149 118 123; ...
148 118 123; ...
147 118 122; ...
148 119 121; ...
147 118 123; ...
148 118 123; ...
148 118 125; ...
149 118 127; ...
150 118 128; ...
149 119 129; ...
149 118 131; ...
149 119 133; ...
149 118 132; ...
149 119 132; ...
149 119 130; ...
149 118 129; ...
149 118 128; ...
149 118 127; ...
149 118 127; ...
150 118 126; ...
148 118 125; ...
148 118 124; ...
149 119 123; ...
149 119 123; ...
148 118 124; ...
148 118 125; ...
148 118 125; ...
149 119 127; ...
149 118 127; ...
149 118 127; ...
149 119 129; ...
149 119 131; ...
150 119 131; ...
150 119 130; ...
150 119 131; ...
149 120 131; ...
149 119 127; ...
149 118 129; ...
149 119 130; ...
149 119 131; ...
149 119 133; ...
147 119 136; ...
147 119 138; ...
147 119 140; ...
145 119 143; ...
145 119 144; ...
143 118 147; ...
138 117 150; ...
138 117 151; ...
138 118 151; ...
133 118 153; ...
132 117 153; ...
131 118 154; ...
130 118 154; ...
128 120 153; ...
127 121 155; ...
127 122 156; ...
127 121 156; ...
126 120 156; ...
127 120 154; ...
125 118 155; ...
127 118 153; ...
129 119 153; ...
127 118 155; ...
128 119 154; ...
127 120 154; ...
127 119 153; ...
127 120 156; ...
127 120 155; ...
127 120 154; ...
126 120 155; ...
126 120 155; ...
125 120 155; ...
124 120 153; ...
123 120 155; ...
123 121 155; ...
122 121 155; ...
121 121 154; ...
121 121 155; ...
122 122 155; ...
122 122 153; ...
122 122 154; ...
123 122 154; ...
126 122 156; ...
127 121 156; ...
130 121 155; ...
126 120 156; ...
124 119 155; ...
122 118 155; ...
