data2 = [...
125 120 155; ...
125 120 155; ...
125 120 155; ...
125 120 155; ...
125 120 155; ...
125 120 155; ...
125 119 155; ...
125 119 155; ...
125 119 155; ...
125 119 154; ...
125 119 155; ...
125 119 154; ...
125 119 154; ...
124 119 155; ...
124 119 155; ...
124 119 155; ...
124 120 154; ...
123 118 154; ...
123 119 154; ...
124 118 154; ...
123 119 155; ...
124 121 154; ...
123 120 155; ...
124 121 155; ...
122 121 155; ...
123 121 154; ...
126 122 155; ...
125 122 155; ...
122 121 155; ...
122 120 155; ...
122 122 154; ...
125 123 154; ...
123 123 155; ...
125 123 156; ...
124 121 153; ...
126 123 154; ...
127 122 152];
