% calibration 2 parts

data9 = [125 121 154; ...
125 121 155; ...
125 121 154; ...
125 121 154; ...
125 121 155; ...
125 121 155; ...
125 121 154; ...
125 121 154; ...
124 121 154; ...
124 121 155; ...
125 121 154; ...
125 121 155; ...
125 121 154; ...
125 121 154; ...
125 121 154; ...
124 121 155; ...
125 121 154; ...
125 121 154; ...
125 120 155; ...
125 121 154; ...
125 121 154; ...
125 121 155; ...
125 121 154; ...
125 121 154; ...
124 120 155; ...
125 121 155; ...
124 121 155; ...
125 121 154; ...
124 121 155; ...
125 121 155; ...
125 121 154; ...
125 121 155; ...
125 121 155; ...
125 121 154; ...
125 121 155; ...
125 121 154; ...
125 121 155; ...
125 121 155; ...
125 121 155; ...
125 120 155; ...
125 121 154; ...
125 121 155; ...
125 121 155; ...
125 121 154; ...
125 121 155; ...
125 121 154; ...
125 121 155; ...
125 121 154; ...
125 121 154; ...
125 120 154; ...
125 121 154; ...
125 121 155; ...
125 121 154; ...
125 121 154; ...
125 121 154; ...
125 121 154; ...
125 121 155; ...
125 121 155; ...
125 121 155; ...
125 121 155; ...
125 121 154; ...
125 121 154; ...
125 121 155; ...
125 121 154; ...
125 121 155; ...
125 121 155; ...
125 121 155; ...
125 121 154; ...
125 121 154; ...
125 121 155; ...
125 121 154; ...
125 121 154; ...
125 121 154; ...
125 121 154; ...
125 121 154; ...
125 121 155; ...
125 121 154; ...
125 121 155; ...
125 120 155; ...
126 121 155; ...
125 121 154; ...
125 121 154; ...
125 121 155; ...
125 120 155; ...
125 121 154; ...
125 121 155; ...
125 121 155; ...
125 121 154; ...
125 121 154; ...
125 121 154; ...
125 121 154; ...
125 121 155; ...
125 121 154; ...
125 121 154; ...
125 121 155; ...
125 120 155; ...
125 121 155; ...
125 121 154; ...
125 121 154; ...
125 121 155; ...
125 121 154; ...
125 121 154; ...
125 121 154; ...
125 121 154; ...
125 121 155; ...
125 121 154; ...
125 121 155; ...
125 121 155; ...
125 121 155; ...
125 121 154; ...
126 121 154; ...
125 121 155; ...
125 121 155; ...
125 121 155; ...
125 121 155; ...
125 120 155; ...
125 121 154; ...
125 121 154; ...
125 121 154; ...
125 121 154; ...
125 121 154; ...
125 121 155; ...
125 121 155; ...
125 121 154; ...
125 121 155; ...
127 121 155; ...
125 121 154; ...
125 121 155; ...
125 121 155; ...
125 121 155; ...
125 121 155; ...
125 121 154; ...
125 121 155; ...
125 121 154; ...
125 121 154; ...
125 121 155; ...
125 121 154; ...
125 120 155; ...
125 121 154; ...
125 121 154; ...
125 121 154; ...
125 121 154; ...
125 121 155; ...
125 121 154; ...
125 121 154; ...
125 121 155; ...
125 121 155; ...
125 121 154; ...
125 121 155; ...
125 121 154; ...
125 121 154; ...
125 121 155; ...
125 121 155; ...
125 121 154; ...
126 121 154; ...
125 121 155; ...
125 120 154; ...
125 121 155; ...
125 121 155; ...
125 121 155; ...
125 121 155; ...
125 121 155; ...
125 121 155; ...
125 120 154; ...
125 121 155; ...
125 120 155; ...
125 121 155; ...
125 121 155; ...
125 120 154; ...
125 121 154; ...
125 121 155; ...
125 121 154; ...
125 121 155; ...
125 121 155; ...
125 120 154; ...
125 121 155; ...
125 121 154; ...
125 121 155; ...
125 121 155; ...
125 121 155; ...
125 121 154; ...
125 121 155; ...
125 121 155; ...
125 121 155; ...
125 121 155; ...
125 121 155; ...
125 121 155; ...
125 121 155; ...
125 121 155; ...
125 121 155; ...
125 121 154; ...
125 121 155; ...
125 121 155; ...
125 121 154; ...
125 121 155; ...
125 121 154; ...
125 121 155; ...
125 121 155; ...
125 121 155; ...
125 121 154; ...
125 121 154; ...
125 120 155; ...
125 121 155; ...
125 121 154; ...
124 96 131; ...
124 96 129; ...
124 96 129; ...
124 96 129; ...
124 96 129; ...
124 96 129; ...
124 96 129; ...
124 96 130; ...
124 96 129; ...
124 96 129; ...
124 96 129; ...
124 96 129; ...
124 96 129; ...
124 96 129; ...
124 96 129; ...
124 96 129; ...
124 96 129; ...
124 96 129; ...
124 96 129; ...
124 96 129; ...
124 96 129; ...
124 96 130; ...
124 96 129; ...
124 96 129; ...
124 96 129; ...
124 96 129; ...
124 96 129; ...
124 96 130; ...
124 96 129; ...
124 96 129; ...
124 96 129; ...
124 96 129; ...
124 96 129; ...
124 96 129; ...
124 96 129; ...
124 96 130; ...
124 96 129; ...
124 96 129; ...
124 96 129; ...
124 96 129; ...
124 96 129; ...
124 96 129; ...
124 96 129; ...
124 96 129; ...
124 96 129; ...
124 96 129; ...
124 96 130; ...
124 96 129; ...
124 96 130; ...
124 96 129; ...
124 96 129; ...
124 96 129; ...
124 96 129; ...
124 96 129; ...
124 96 129; ...
124 96 129; ...
124 96 129; ...
124 96 129; ...
124 96 129; ...
124 96 130; ...
124 96 129; ...
124 96 129; ...
124 96 129; ...
124 96 129; ...
124 96 129; ...
124 96 129; ...
124 96 129; ...
124 96 129; ...
124 96 129; ...
124 96 129; ...
124 96 129; ...
124 96 129; ...
124 96 129; ...
124 96 129; ...
124 96 129; ...
124 96 130; ...
124 96 130; ...
124 96 129; ...
124 96 129; ...
122 96 131; ...
124 96 129; ...
123 96 130; ...
123 96 130; ...
124 96 129; ...
124 96 129; ...
124 96 130; ...
124 96 130; ...
124 96 128; ...
124 96 130; ...
124 96 129; ...
124 96 129; ...
123 96 130; ...
124 96 129; ...
124 96 129; ...
124 96 130; ...
124 96 129; ...
124 96 130; ...
124 96 130; ...
122 96 130; ...
124 96 130; ...
124 97 130; ...
123 96 129; ...
124 96 129; ...
124 96 130; ...
124 96 129; ...
123 96 129; ...
124 96 129; ...
124 96 129; ...
124 96 130; ...
124 96 129; ...
124 96 130; ...
124 96 129; ...
124 96 129; ...
124 96 129; ...
124 96 130; ...
124 96 129; ...
124 96 129; ...
123 96 129; ...
124 96 129; ...
124 96 129; ...
125 96 128; ...
124 96 129; ...
124 96 128; ...
124 96 129; ...
124 96 130; ...
124 96 130; ...
124 96 129; ...
124 96 128; ...
124 96 129; ...
124 96 130; ...
123 96 130; ...
124 96 129; ...
124 96 129; ...
123 96 128; ...
124 96 129; ...
124 96 129; ...
124 96 129; ...
124 96 129; ...
124 96 129; ...
124 96 129; ...
124 96 129; ...
124 96 129; ...
124 96 129; ...
124 96 129; ...
124 96 129; ...
124 96 130; ...
124 96 129; ...
124 96 129; ...
124 96 129; ...
124 96 129; ...
124 96 129; ...
124 96 129; ...
124 96 129; ...
124 96 129; ...
124 96 129; ...
124 96 129; ...
124 96 129; ...
124 96 129; ...
124 96 129; ...
124 96 129; ...
124 96 129; ...
124 96 129; ...
124 96 129; ...
124 96 129; ...
124 96 130; ...
124 96 129; ...
124 96 129; ...
124 96 129; ...
124 96 130; ...
124 96 129; ...
124 96 129; ...
124 96 129; ...
124 96 129; ...
124 96 130; ...
124 96 129; ...
124 96 129; ...
124 96 129; ...
124 96 129; ...
124 96 129; ...
124 96 129; ...
124 96 129; ...
124 96 129; ...
124 96 129; ...
124 96 129; ...
124 96 129; ...
124 96 129; ...
124 96 129];
