data4 = [...
123 120 154; ...
123 119 154; ...
123 120 155; ...
124 120 155; ...
128 119 154; ...
134 118 152; ...
138 118 150; ...
146 117 143; ...
147 118 135; ...
145 117 120; ...
145 117 115; ...
141 117 111; ...
137 121 109; ...
130 118 108; ...
124 122 107; ...
122 124 105; ...
122 122 105; ...
121 121 105];
