data3 = [...
125 119 154; ...
125 120 155; ...
125 120 155; ...
125 119 155; ...
124 118 156; ...
124 117 155; ...
125 112 153; ...
124 106 148; ...
124 102 144; ...
123 100 136; ...
125 97 126; ...
124 101 119; ...
124 105 113; ...
125 109 111; ...
125 114 107; ...
125 118 107; ...
127 120 104; ...
127 125 103];
